    11    11
 0.045       0.045
 0.045       0.136
 0.045       0.227
 0.045       0.318
 0.045       0.409
 0.045       0.500
 0.045       0.591
 0.045       0.682
 0.045       0.773
 0.045       0.864
 0.045       0.955
 0.136       0.045
 0.136       0.136
 0.136       0.227
 0.136       0.318
 0.136       0.409
 0.136       0.500
 0.136       0.591
 0.136       0.682
 0.136       0.773
 0.136       0.864
 0.136       0.955
 0.227       0.045
 0.227       0.136
 0.227       0.227
 0.227       0.318
 0.227       0.409
 0.227       0.500
 0.227       0.591
 0.227       0.682
 0.227       0.773
 0.227       0.864
 0.227       0.955
 0.318       0.045
 0.318       0.136
 0.318       0.227
 0.318       0.318
 0.318       0.409
 0.318       0.500
 0.318       0.591
 0.318       0.682
 0.318       0.773
 0.318       0.864
 0.318       0.955
 0.409       0.045
 0.409       0.136
 0.409       0.227
 0.409       0.318
 0.409       0.409
 0.409       0.500
 0.409       0.591
 0.409       0.682
 0.409       0.773
 0.409       0.864
 0.409       0.955
 0.500       0.045
 0.500       0.136
 0.500       0.227
 0.500       0.318
 0.500       0.409
 0.500       0.500
 0.500       0.591
 0.500       0.682
 0.500       0.773
 0.500       0.864
 0.500       0.955
 0.591       0.045
 0.591       0.136
 0.591       0.227
 0.591       0.318
 0.591       0.409
 0.591       0.500
 0.591       0.591
 0.591       0.682
 0.591       0.773
 0.591       0.864
 0.591       0.955
 0.682       0.045
 0.682       0.136
 0.682       0.227
 0.682       0.318
 0.682       0.409
 0.682       0.500
 0.682       0.591
 0.682       0.682
 0.682       0.773
 0.682       0.864
 0.682       0.955
 0.773       0.045
 0.773       0.136
 0.773       0.227
 0.773       0.318
 0.773       0.409
 0.773       0.500
 0.773       0.591
 0.773       0.682
 0.773       0.773
 0.773       0.864
 0.773       0.955
 0.864       0.045
 0.864       0.136
 0.864       0.227
 0.864       0.318
 0.864       0.409
 0.864       0.500
 0.864       0.591
 0.864       0.682
 0.864       0.773
 0.864       0.864
 0.864       0.955
 0.955       0.045
 0.955       0.136
 0.955       0.227
 0.955       0.318
 0.955       0.409
 0.955       0.500
 0.955       0.591
 0.955       0.682
 0.955       0.773
 0.955       0.864
 0.955       0.955
